0.11457544429533754 0.8006240713741327 1.210728234677108
0.14127741853282857 0.7782841414005661 1.1934842196528015
0.3295422149253275 0.8499597212171598 1.1133455947170359
0.19306767013752515 0.8180614467770994 1.2438884954971838
0.0965961076303727 0.694815361510258 1.0790349541157547

0.9349837841596573 0.20272454743816767 0.29266232174342766
0.8179142707590467 0.2205167913793091 0.416513139741989
0.8179142707590467 0.2205167913793091 0.416513139741989
0.7860556598907403 0.0970199722712105 0.4224247812605735
0.8492578671770801 0.27614467538347404 0.3136231841533634

1.0266185829731478 0.3569035362308694 0.15125938428045024
1.3862121512895162 0.6989494606628268 0.29620189260725804
0.944973195320512 0.19046471612687182 0.4408483403974561
1.2502606576196704 0.5736605793205868 0.14197519151556826
0.9775476148469499 0.25004348538609256 0.23291809035399832